-------------- Solving ODE Using Forward Euler --------------

Time                    Calculated Values(V1)           Calculated Values(V2)
-----------------------------------------------------------------------------------
0.0000000000            2.5000000000                    2.5000000000
0.0000000010            2.2500000000                    2.6835800072
0.0000000020            2.1250000000                    2.8511275297
0.0000000030            2.0125000000                    3.0026881662
0.0000000040            1.9112500000                    3.1401330572
0.0000000050            1.8201250000                    3.2650168270
0.0000000060            1.7381125000                    3.3786500270
0.0000000070            1.6643012500                    3.4821535276
0.0000000080            1.5978711250                    3.5764990089
0.0000000090            1.5380840125                    3.6625389525
0.0000000100            1.4842756112                    3.7410288612
0.0000000110            1.4358480501                    3.8126438151
0.0000000120            1.2922632451                    3.8779909468
0.0000000130            1.1630369206                    3.9396990390
0.0000000140            1.0467332285                    3.9977955049
0.0000000150            0.9420599057                    4.0523423280
0.0000000160            0.8478539151                    4.1034299305
0.0000000170            0.7630685236                    4.1511711531
0.0000000180            0.6867616712                    4.1956957049
0.0000000190            0.6180855041                    4.2371452622
0.0000000200            0.5562769537                    4.2756692760
0.0000000210            0.5006492583                    4.3114214764
0.0000000220            0.5505843325                    4.3445570199
0.0000000230            0.5955258993                    4.3735013055
0.0000000240            0.6359733093                    4.3987505971
0.0000000250            0.6723759784                    4.4207458572
0.0000000260            0.7051383806                    4.4398784575
0.0000000270            0.7346245425                    4.4564953736
0.0000000280            0.7611620883                    4.4709038951
0.0000000290            0.7850458794                    4.4833758869
0.0000000300            0.8065412915                    4.4941516333
0.0000000310            0.8258871623                    4.5034432995
0.0000000320            0.7432984461                    4.5114380431
0.0000000330            0.6689686015                    4.5201778723
0.0000000340            0.6020717413                    4.5294052934
0.0000000350            0.5418645672                    4.5389122447
0.0000000360            0.4876781105                    4.5485317757
0.0000000370            0.4389102994                    4.5581310820
0.0000000380            0.3950192695                    4.5676056774
0.0000000390            0.3555173425                    4.5768745129
0.0000000400            0.3199656083                    4.5858758926
0.0000000410            0.2879690475                    4.5945640545
0.0000000420            0.3591721427                    4.6029063092
0.0000000430            0.4232549284                    4.6092403099
0.0000000440            0.4809294356                    4.6138628028
0.0000000450            0.5328364920                    4.6170353851
0.0000000460            0.5795528428                    4.6189877887
0.0000000470            0.6215975586                    4.6199210037
0.0000000480            0.6594378027                    4.6200102144
0.0000000490            0.6934940224                    4.6194075317
0.0000000500            0.7241446202                    4.6182445170
0.0000000510            0.7517301582                    4.6166344953
0.0000000520            0.6765571423                    4.6146746643
0.0000000530            0.6089014281                    4.6142952234
0.0000000540            0.5480112853                    4.6151755288
0.0000000550            0.4932101568                    4.6170478597
0.0000000560            0.4438891411                    4.6196891662
0.0000000570            0.3995002270                    4.6229141038
0.0000000580            0.3595502043                    4.6265691489
0.0000000590            0.3235951839                    4.6305276233
0.0000000600            0.2912356655                    4.6346854833
0.0000000610            0.2621120989                    4.6389577554
0.0000000620            0.3359008890                    4.6432755151
0.0000000630            0.4023108001                    4.6459539451
0.0000000640            0.4620797201                    4.6472546920
0.0000000650            0.5158717481                    4.6474078833
0.0000000660            0.5642845733                    4.6466149809
0.0000000670            0.6078561160                    4.6450515325
0.0000000680            0.6470705044                    4.6428697877
0.0000000690            0.6823634539                    4.6402011524
0.0000000700            0.7141271085                    4.6371584710
0.0000000710            0.7427143977                    4.6338381295
0.0000000720            0.6684429579                    4.6303219788
0.0000000730            0.6015986621                    4.6285226802
0.0000000740            0.5414387959                    4.6281083760
0.0000000750            0.4872949163                    4.6288009152
0.0000000760            0.4385654247                    4.6303675731
0.0000000770            0.3947088822                    4.6326140539
0.0000000780            0.3552379940                    4.6353785693
0.0000000790            0.3197141946                    4.6385268247
0.0000000800            0.2877427751                    4.6419477699
0.0000000810            0.2589684976                    4.6455499944
0.0000000820            0.3330716479                    4.6492586686
0.0000000830            0.3997644831                    4.6513848854
0.0000000840            0.4597880348                    4.6521848151
0.0000000850            0.5138092313                    4.6518836728
0.0000000860            0.5624283082                    4.6506785065
0.0000000870            0.6061854773                    4.6487408925
0.0000000880            0.6455669296                    4.6462195023
0.0000000890            0.6810102367                    4.6432425143
0.0000000900            0.7129092130                    4.6399198587
0.0000000910            0.7416182917                    4.6363452875
0.0000000920            0.6674564625                    4.6325982691
0.0000000930            0.6007108163                    4.6305888752
0.0000000940            0.5406397346                    4.6299834637
0.0000000950            0.4865757612                    4.6305022368
0.0000000960            0.4379181851                    4.6319109537
0.0000000970            0.3941263666                    4.6340139244
0.0000000980            0.3547137299                    4.6366480809
0.0000000990            0.3192423569                    4.6396779555