-------------- Solving ODE Using RK34 Without Time Adaptivity --------------

Time                    Calculated Values(V1)           Calculated Values(V2)
-----------------------------------------------------------------------------------
0.0000000000            0.0000000000                    0.0000000000
0.0000000002            0.0019653750                    0.0000172000
0.0000000004            0.0077761125                    0.0001101276
0.0000000006            0.0172836059                    0.0003497449
0.0000000008            0.0303464121                    0.0008013881
0.0000000010            0.0468298635                    0.0015251250
0.0000000012            0.0646403275                    0.0025588904
0.0000000014            0.0817756241                    0.0038946748
0.0000000016            0.0982679066                    0.0055077136
0.0000000018            0.1141475976                    0.0073748269
0.0000000020            0.1294434870                    0.0094743242
0.0000000022            0.1441828242                    0.0117859148
0.0000000024            0.1583914051                    0.0142906237
0.0000000026            0.1720936542                    0.0169707120
0.0000000028            0.1853127020                    0.0198096028
0.0000000030            0.1980704575                    0.0227918107
0.0000000032            0.2103876773                    0.0259028757
0.0000000034            0.2222840298                    0.0291293010
0.0000000036            0.2337781566                    0.0324584947
0.0000000038            0.2448877296                    0.0358787145
0.0000000040            0.2556295055                    0.0393790163
0.0000000042            0.2660193766                    0.0429492049
0.0000000044            0.2760724192                    0.0465797885
0.0000000046            0.2858029386                    0.0502619357
0.0000000048            0.2952245123                    0.0539874344
0.0000000050            0.3043500298                    0.0577486543
0.0000000052            0.3131917313                    0.0615385104
0.0000000054            0.3217612428                    0.0653504296
0.0000000056            0.3300696105                    0.0691783188
0.0000000058            0.3381273323                    0.0730165349
0.0000000060            0.3459443879                    0.0768598568
0.0000000062            0.3535302672                    0.0807034591
0.0000000064            0.3608939972                    0.0845428872
0.0000000066            0.3680441668                    0.0883740336
0.0000000068            0.3749889509                    0.0921931164
0.0000000070            0.3817361324                    0.0959966583
0.0000000072            0.3882931241                    0.0997814675
0.0000000074            0.3946669877                    0.1035446190
0.0000000076            0.4008644535                    0.1072834377
0.0000000078            0.4068919374                    0.1109954826
0.0000000080            0.4127555582                    0.1146785310
0.0000000082            0.4184611532                    0.1183305645
0.0000000084            0.4240142930                    0.1219497559
0.0000000086            0.4294202956                    0.1255344562
0.0000000088            0.4346842402                    0.1290831830
0.0000000090            0.4398109787                    0.1325946096
0.0000000092            0.4448051487                    0.1360675541
0.0000000094            0.4496711837                    0.1395009699
0.0000000096            0.4544133243                    0.1428939365
0.0000000098            0.4590356278                    0.1462456510
0.0000000100            0.4635419778                    0.1495554194
0.0000000102            0.4659707180                    0.1528054499
0.0000000104            0.4644454231                    0.1559367175
0.0000000106            0.4591181133                    0.1588778504
0.0000000108            0.4501335042                    0.1615631846
0.0000000110            0.4376294019                    0.1639324000
0.0000000112            0.4237024502                    0.1659473798
0.0000000114            0.4103577195                    0.1676160165
0.0000000116            0.3975658313                    0.1689630175
0.0000000118            0.3852990290                    0.1700115615
0.0000000120            0.3735310842                    0.1707833889
0.0000000122            0.3622372104                    0.1712988877
0.0000000124            0.3513939801                    0.1715771736
0.0000000126            0.3409792474                    0.1716361661
0.0000000128            0.3309720753                    0.1714926599
0.0000000130            0.3213526664                    0.1711623915
0.0000000132            0.3121022986                    0.1706601029
0.0000000134            0.3032032637                    0.1699996011
0.0000000136            0.2946388100                    0.1691938135
0.0000000138            0.2863930880                    0.1682548413
0.0000000140            0.2784510992                    0.1671940088
0.0000000142            0.2707986484                    0.1660219100
0.0000000144            0.2634222977                    0.1647484525
0.0000000146            0.2563093241                    0.1633828991
0.0000000148            0.2494476793                    0.1619339066
0.0000000150            0.2428259515                    0.1604095622
0.0000000152            0.2364333296                    0.1588174182
0.0000000154            0.2302595697                    0.1571645246
0.0000000156            0.2242949632                    0.1554574590
0.0000000158            0.2185303066                    0.1537023559
0.0000000160            0.2129568737                    0.1519049335
0.0000000162            0.2075663886                    0.1500705190
0.0000000164            0.2023510010                    0.1482040727
0.0000000166            0.1973032619                    0.1463102104
0.0000000168            0.1924161022                    0.1443932247
0.0000000170            0.1876828107                    0.1424571046
0.0000000172            0.1830970151                    0.1405055546
0.0000000174            0.1786526630                    0.1385420120
0.0000000176            0.1743440040                    0.1365696637
0.0000000178            0.1701655735                    0.1345914618
0.0000000180            0.1661121771                    0.1326101379
0.0000000182            0.1621788752                    0.1306282173
0.0000000184            0.1583609700                    0.1286480320
0.0000000186            0.1546539914                    0.1266717322
0.0000000188            0.1510536853                    0.1247012988
0.0000000190            0.1475560016                    0.1227385532
0.0000000192            0.1441570835                    0.1207851681
0.0000000194            0.1408532566                    0.1188426768
0.0000000196            0.1376410194                    0.1169124820
0.0000000198            0.1345170341                    0.1149958644
0.0000000200            0.1314781177                    0.1130939906
0.0000000202            0.1304866090                    0.1112251205
0.0000000204            0.1334195977                    0.1094487418
0.0000000206            0.1401257116                    0.1078366836
0.0000000208            0.1504608661                    0.1064550621
0.0000000210            0.1642878704                    0.1053646437
0.0000000212            0.1795106806                    0.1046039865
0.0000000214            0.1941248111                    0.1041656329
0.0000000216            0.2081602108                    0.1040253052
0.0000000218            0.2216451929                    0.1041602484
0.0000000220            0.2346065284                    0.1045491400
0.0000000222            0.2470695337                    0.1051720040
0.0000000224            0.2590581532                    0.1060101307
0.0000000226            0.2705950374                    0.1070460008
0.0000000228            0.2817016160                    0.1082632142
0.0000000230            0.2923981671                    0.1096464224
0.0000000232            0.3027038826                    0.1111812659
0.0000000234            0.3126369294                    0.1128543146
0.0000000236            0.3222145071                    0.1146530113
0.0000000238            0.3314529029                    0.1165656199
0.0000000240            0.3403675428                    0.1185811750
0.0000000242            0.3489730400                    0.1206894360
0.0000000244            0.3572832406                    0.1228808425
0.0000000246            0.3653112664                    0.1251464736
0.0000000248            0.3730695561                    0.1274780086
0.0000000250            0.3805699026                    0.1298676906
0.0000000252            0.3878234896                    0.1323082923
0.0000000254            0.3948409256                    0.1347930832
0.0000000256            0.4016322757                    0.1373157994
0.0000000258            0.4082070915                    0.1398706150
0.0000000260            0.4145744403                    0.1424521151
0.0000000262            0.4207429312                    0.1450552703
0.0000000264            0.4267207407                    0.1476754130
0.0000000266            0.4325156366                    0.1503082149
0.0000000268            0.4381350003                    0.1529496658
0.0000000270            0.4435858480                    0.1555960543
0.0000000272            0.4488748509                    0.1582439482
0.0000000274            0.4540083537                    0.1608901778
0.0000000276            0.4589923927                    0.1635318189
0.0000000278            0.4638327124                    0.1661661775
0.0000000280            0.4685347814                    0.1687907752
0.0000000282            0.4731038071                    0.1714033354
0.0000000284            0.4775447501                    0.1740017705
0.0000000286            0.4818623372                    0.1765841695
0.0000000288            0.4860610740                    0.1791487870
0.0000000290            0.4901452566                    0.1816940325
0.0000000292            0.4941189833                    0.1842184598
0.0000000294            0.4979861641                    0.1867207581
0.0000000296            0.5017505316                    0.1891997429
0.0000000298            0.5054156498                    0.1916543477
0.0000000300            0.5089849233                    0.1940836161
0.0000000302            0.5104962303                    0.1964694945
0.0000000304            0.5080726932                    0.1987526973
0.0000000306            0.5018658924                    0.2008615943
0.0000000308            0.4920201162                    0.2027302638
0.0000000310            0.4786727548                    0.2042981305
0.0000000312            0.4639200477                    0.2055268240
0.0000000314            0.4497666715                    0.2064239856
0.0000000316            0.4361828651                    0.2070140736
0.0000000318            0.4231404987                    0.2073200199
0.0000000320            0.4106129811                    0.2073633206
0.0000000322            0.3985751722                    0.2071641219
0.0000000324            0.3870032999                    0.2067413007
0.0000000326            0.3758748829                    0.2061125400
0.0000000328            0.3651686571                    0.2052944007
0.0000000330            0.3548645065                    0.2043023887
0.0000000332            0.3449433982                    0.2031510182
0.0000000334            0.3353873209                    0.2018538710
0.0000000336            0.3261792274                    0.2004236527
0.0000000338            0.3173029801                    0.1988722454
0.0000000340            0.3087432993                    0.1972107572
0.0000000342            0.3004857153                    0.1954495693
0.0000000344            0.2925165225                    0.1935983793
0.0000000346            0.2848227366                    0.1916662431
0.0000000348            0.2773920541                    0.1896616136
0.0000000350            0.2702128140                    0.1875923772
0.0000000352            0.2632739622                    0.1854658884
0.0000000354            0.2565650172                    0.1832890025
0.0000000356            0.2500760383                    0.1810681054
0.0000000358            0.2437975954                    0.1788091429
0.0000000360            0.2377207409                    0.1765176476
0.0000000362            0.2318369826                    0.1741987640
0.0000000364            0.2261382586                    0.1718572727
0.0000000366            0.2206169135                    0.1694976128
0.0000000368            0.2152656760                    0.1671239029
0.0000000370            0.2100776377                    0.1647399612
0.0000000372            0.2050462332                    0.1623493242
0.0000000374            0.2001652213                    0.1599552638
0.0000000376            0.1954286672                    0.1575608048
0.0000000378            0.1908309260                    0.1551687394
0.0000000380            0.1863666265                    0.1527816426
0.0000000382            0.1820306569                    0.1504018855
0.0000000384            0.1778181502                    0.1480316486
0.0000000386            0.1737244715                    0.1456729335
0.0000000388            0.1697452049                    0.1433275749
0.0000000390            0.1658761425                    0.1409972507
0.0000000392            0.1621132726                    0.1386834927
0.0000000394            0.1584527696                    0.1363876957
0.0000000396            0.1548909838                    0.1341111264
0.0000000398            0.1514244327                    0.1318549322
0.0000000400            0.1480497913                    0.1296201486
0.0000000402            0.1467292596                    0.1274249066
0.0000000404            0.1493397916                    0.1253285679
0.0000000406            0.1557298820                    0.1234028374
0.0000000408            0.1657553159                    0.1217137097
0.0000000410            0.1792787753                    0.1203218317
0.0000000412            0.1942040912                    0.1192656442
0.0000000414            0.2085266563                    0.1185375747
0.0000000416            0.2222762995                    0.1181132323
0.0000000418            0.2354812171                    0.1179697513
0.0000000420            0.2481680654                    0.1180857005
0.0000000422            0.2603620485                    0.1184409971
0.0000000424            0.2720870010                    0.1190168268
0.0000000426            0.2833654655                    0.1197955675
0.0000000428            0.2942187663                    0.1207607182
0.0000000430            0.3046670784                    0.1218968317
0.0000000432            0.3147294924                    0.1231894515
0.0000000434            0.3244240762                    0.1246250520
0.0000000436            0.3337679324                    0.1261909831
0.0000000438            0.3427772533                    0.1278754168
0.0000000440            0.3514673715                    0.1296672980
0.0000000442            0.3598528093                    0.1315562979
0.0000000444            0.3679473234                    0.1335327697
0.0000000446            0.3757639482                    0.1355877077
0.0000000448            0.3833150365                    0.1377127081
0.0000000450            0.3906122974                    0.1398999325
0.0000000452            0.3976668323                    0.1421420735
0.0000000454            0.4044891692                    0.1444323221
0.0000000456            0.4110892941                    0.1467643377
0.0000000458            0.4174766815                    0.1491322189
0.0000000460            0.4236603227                    0.1515304766
0.0000000462            0.4296487528                    0.1539540090
0.0000000464            0.4354500754                    0.1563980773
0.0000000466            0.4410719870                    0.1588582834
0.0000000468            0.4465217993                    0.1613305489
0.0000000470            0.4518064601                    0.1638110949
0.0000000472            0.4569325734                    0.1662964238
0.0000000474            0.4619064184                    0.1687833012
0.0000000476            0.4667339669                    0.1712687397
0.0000000478            0.4714209006                    0.1737499833
0.0000000480            0.4759726259                    0.1762244927
0.0000000482            0.4803942901                    0.1786899317
0.0000000484            0.4846907941                    0.1811441541
0.0000000486            0.4888668067                    0.1835851918
0.0000000488            0.4929267765                    0.1860112432
0.0000000490            0.4968749439                    0.1884206624
0.0000000492            0.5007153522                    0.1908119495
0.0000000494            0.5044518581                    0.1931837406
0.0000000496            0.5080881414                    0.1955347992
0.0000000498            0.5116277149                    0.1978640080
0.0000000500            0.5150739325                    0.2001703605
0.0000000502            0.5164646229                    0.2024357542
0.0000000504            0.5139228602                    0.2046008558
0.0000000506            0.5076001773                    0.2065939876
0.0000000508            0.4976408159                    0.2083491821
0.0000000510            0.4841821206                    0.2098058187
0.0000000512            0.4693202862                    0.2109254826
0.0000000514            0.4550599455                    0.2117157717
0.0000000516            0.4413712945                    0.2122011017
0.0000000518            0.4282261612                    0.2124043627
0.0000000520            0.4155979133                    0.2123470100
0.0000000522            0.4034613701                    0.2120491495
0.0000000524            0.3917927201                    0.2115296187
0.0000000526            0.3805694431                    0.2108060621
0.0000000528            0.3697702369                    0.2098950028
0.0000000530            0.3593749482                    0.2088119097
0.0000000532            0.3493645075                    0.2075712605
0.0000000534            0.3397208679                    0.2061866015
0.0000000536            0.3304269470                    0.2046706033
0.0000000538            0.3214665726                    0.2030351137
0.0000000540            0.3128244315                    0.2012912075
0.0000000542            0.3044860209                    0.1994492326
0.0000000544            0.2964376027                    0.1975188547
0.0000000546            0.2886661609                    0.1955090979
0.0000000548            0.2811593609                    0.1934283840
0.0000000550            0.2739055114                    0.1912845693
0.0000000552            0.2668935280                    0.1890849785
0.0000000554            0.2601129002                    0.1868364374
0.0000000556            0.2535536583                    0.1845453035
0.0000000558            0.2472063444                    0.1822174945
0.0000000560            0.2410619831                    0.1798585156
0.0000000562            0.2351120552                    0.1774734841
0.0000000564            0.2293484723                    0.1750671545
0.0000000566            0.2237635530                    0.1726439397
0.0000000568            0.2183500005                    0.1702079330
0.0000000570            0.2131008816                    0.1677629279
0.0000000572            0.2080096062                    0.1653124361
0.0000000574            0.2030699093                    0.1628597060
0.0000000576            0.1982758327                    0.1604077387
0.0000000578            0.1936217081                    0.1579593035
0.0000000580            0.1891021421                    0.1555169528
0.0000000582            0.1847120006                    0.1530830358
0.0000000584            0.1804463949                    0.1506597111
0.0000000586            0.1763006688                    0.1482489594
0.0000000588            0.1722703858                    0.1458525942
0.0000000590            0.1683513173                    0.1434722734
0.0000000592            0.1645394317                    0.1411095086
0.0000000594            0.1608308837                    0.1387656749
0.0000000596            0.1572220046                    0.1364420202
0.0000000598            0.1537092927                    0.1341396726
0.0000000600            0.1502894049                    0.1318596494
0.0000000602            0.1489245227                    0.1296200636
0.0000000604            0.1514915827                    0.1274802590
0.0000000606            0.1578390619                    0.1255119232
0.0000000608            0.1678227286                    0.1237810337
0.0000000610            0.1813052479                    0.1223482209
0.0000000612            0.1961904345                    0.1212519089
0.0000000614            0.2104736650                    0.1204845094
0.0000000616            0.2241847527                    0.1200216157
0.0000000618            0.2373518782                    0.1198403468
0.0000000620            0.2500016829                    0.1199192561
0.0000000622            0.2621593560                    0.1202382463
0.0000000624            0.2738487175                    0.1207784885
0.0000000626            0.2850922959                    0.1215223463
0.0000000628            0.2959114015                    0.1224533047
0.0000000630            0.3063261955                    0.1235559030
0.0000000632            0.3163557553                    0.1248156712
0.0000000634            0.3260181354                    0.1262190706
0.0000000636            0.3353304257                    0.1277534381
0.0000000638            0.3443088057                    0.1294069331
0.0000000640            0.3529685959                    0.1311684884
0.0000000642            0.3613243061                    0.1330277627
0.0000000644            0.3693896814                    0.1349750976
0.0000000646            0.3771777444                    0.1370014756
0.0000000648            0.3847008365                    0.1390984815
0.0000000650            0.3919706556                    0.1412582656
0.0000000652            0.3989982923                    0.1434735097
0.0000000654            0.4057942635                    0.1457373941
0.0000000656            0.4123685448                    0.1480435674
0.0000000658            0.4187306004                    0.1503861180
0.0000000660            0.4248894115                    0.1527595467
0.0000000662            0.4308535030                    0.1551587417
0.0000000664            0.4366309691                    0.1575789545
0.0000000666            0.4422294967                    0.1600157775
0.0000000668            0.4476563880                    0.1624651229
0.0000000670            0.4529185816                    0.1649232027
0.0000000672            0.4580226727                    0.1673865102
0.0000000674            0.4629749316                    0.1698518022
0.0000000676            0.4677813215                    0.1723160828
0.0000000678            0.4724475155                    0.1747765873
0.0000000680            0.4769789119                    0.1772307684
0.0000000682            0.4813806496                    0.1796762816
0.0000000684            0.4856576218                    0.1821109727
0.0000000686            0.4898144894                    0.1845328659
0.0000000688            0.4938556932                    0.1869401519
0.0000000690            0.4977854663                    0.1893311773
0.0000000692            0.5016078445                    0.1917044347
0.0000000694            0.5053266774                    0.1940585532
0.0000000696            0.5089456377                    0.1963922891
0.0000000698            0.5124682311                    0.1987045182
0.0000000700            0.5158978048                    0.2009942273
0.0000000702            0.5172721811                    0.2032433071
0.0000000704            0.5147144272                    0.2053924178
0.0000000706            0.5083760698                    0.2073698754
0.0000000708            0.4984013443                    0.2091097060
0.0000000710            0.4849275891                    0.2105512830
0.0000000712            0.4700509931                    0.2116561856
0.0000000714            0.4557761831                    0.2124320056
0.0000000716            0.4420733492                    0.2129031530
0.0000000718            0.4289143139                    0.2130925122
0.0000000720            0.4162724393                    0.2130215329
0.0000000722            0.4041225393                    0.2127103158
0.0000000724            0.3924407969                    0.2121776928
0.0000000726            0.3812046868                    0.2114413032
0.0000000728            0.3703929016                    0.2105176652
0.0000000730            0.3599852830                    0.2094222423
0.0000000732            0.3499627566                    0.2081695075
0.0000000734            0.3403072706                    0.2067730022
0.0000000736            0.3310017378                    0.2052453922
0.0000000738            0.3220299816                    0.2035985209
0.0000000740            0.3133766840                    0.2018434582
0.0000000742            0.3050273377                    0.1999905479
0.0000000744            0.2969682005                    0.1980494510
0.0000000746            0.2891862519                    0.1960291875
0.0000000748            0.2816691532                    0.1939381750
0.0000000750            0.2744052088                    0.1917842655
0.0000000752            0.2673833306                    0.1895747799
0.0000000754            0.2605930038                    0.1873165399
0.0000000756            0.2540242550                    0.1850158991
0.0000000758            0.2476676225                    0.1826787716
0.0000000760            0.2415141271                    0.1803106585
0.0000000762            0.2355552459                    0.1779166739
0.0000000764            0.2297828870                    0.1755015683
0.0000000766            0.2241893655                    0.1730697514
0.0000000768            0.2187673812                    0.1706253130
0.0000000770            0.2135099973                    0.1681720430
0.0000000772            0.2084106208                    0.1657134500
0.0000000774            0.2034629831                    0.1632527792
0.0000000776            0.1986611229                    0.1607930283
0.0000000778            0.1939993689                    0.1583369637
0.0000000780            0.1894723246                    0.1558871348
0.0000000782            0.1850748528                    0.1534458875
0.0000000784            0.1808020620                    0.1510153777
0.0000000786            0.1766492931                    0.1485975832
0.0000000788            0.1726121067                    0.1461943147
0.0000000790            0.1686862715                    0.1438072272
0.0000000792            0.1648677532                    0.1414378297
0.0000000794            0.1611527039                    0.1390874947
0.0000000796            0.1575374521                    0.1367574674
0.0000000798            0.1540184939                    0.1344488734
0.0000000800            0.1505924833                    0.1321627275
0.0000000802            0.1492215996                    0.1299171403
0.0000000804            0.1517827769                    0.1277714530
0.0000000806            0.1581244900                    0.1257973511
0.0000000808            0.1681025047                    0.1240608096
0.0000000810            0.1815794839                    0.1226224567
0.0000000812            0.1964592403                    0.1215207144
0.0000000814            0.2107371479                    0.1207479921
0.0000000816            0.2244430181                    0.1202798810
0.0000000818            0.2376050296                    0.1200934979
0.0000000820            0.2502498214                    0.1201673945
0.0000000822            0.2624025809                    0.1204814711
0.0000000824            0.2740871262                    0.1210168970
0.0000000826            0.2853259836                    0.1217560339
0.0000000828            0.2961404618                    0.1226823649
0.0000000830            0.3065507200                    0.1237804274
0.0000000832            0.3165758338                    0.1250357496
0.0000000834            0.3262338560                    0.1264347911
0.0000000836            0.3355418746                    0.1279648869
0.0000000838            0.3445160676                    0.1296141949
0.0000000840            0.3531717536                    0.1313716460
0.0000000842            0.3615234410                    0.1332268975
0.0000000844            0.3695848730                    0.1351702892
0.0000000846            0.3773690709                    0.1371928020
0.0000000848            0.3848883744                    0.1392860193
0.0000000850            0.3921544800                    0.1414420899
0.0000000852            0.3991784765                    0.1436536940
0.0000000854            0.4059708798                    0.1459140104
0.0000000856            0.4125416638                    0.1482166864
0.0000000858            0.4189002913                    0.1505558089
0.0000000860            0.4250557422                    0.1529258774
0.0000000862            0.4310165402                    0.1553217788
0.0000000864            0.4367907778                    0.1577387632
0.0000000866            0.4423861409                    0.1601724217
0.0000000868            0.4478099304                    0.1626186653
0.0000000870            0.4530690836                    0.1650737047
0.0000000872            0.4581701945                    0.1675340319
0.0000000874            0.4631195322                    0.1699964028
0.0000000876            0.4679230588                    0.1724578200
0.0000000878            0.4725864461                    0.1749155179
0.0000000880            0.4771150914                    0.1773669479
0.0000000882            0.4815141325                    0.1798097645
0.0000000884            0.4857884616                    0.1822418125
0.0000000886            0.4899427382                    0.1846611148
0.0000000888            0.4939814026                    0.1870658612
0.0000000890            0.4979086864                    0.1894543973
0.0000000892            0.5017286246                    0.1918252148
0.0000000894            0.5054450658                    0.1941769416
0.0000000896            0.5090616818                    0.1965083332
0.0000000898            0.5125819774                    0.1988182644
0.0000000900            0.5160092987                    0.2011057211
0.0000000902            0.5173814672                    0.2033525932
0.0000000904            0.5148215493                    0.2054995399
0.0000000906            0.5084810707                    0.2074748762
0.0000000908            0.4985042659                    0.2092126277
0.0000000910            0.4850284728                    0.2106521667
0.0000000912            0.4701498790                    0.2117550715
0.0000000914            0.4558731109                    0.2125289334
0.0000000916            0.4421683577                    0.2129981615
0.0000000918            0.4290074411                    0.2131856394
0.0000000920            0.4163637224                    0.2131128160
0.0000000922            0.4042120148                    0.2127997913
0.0000000924            0.3925285007                    0.2122653965
0.0000000926            0.3812906539                    0.2115272703
0.0000000928            0.3704771664                    0.2106019299
0.0000000930            0.3600678792                    0.2095048385
0.0000000932            0.3500437172                    0.2082504681
0.0000000934            0.3403866280                    0.2068523596
0.0000000936            0.3310795239                    0.2053231783
0.0000000938            0.3221062273                    0.2036747666
0.0000000940            0.3134514199                    0.2019181942
0.0000000942            0.3051005938                    0.2000638039
0.0000000944            0.2970400059                    0.1981212565
0.0000000946            0.2892566355                    0.1960995711
0.0000000948            0.2817381431                    0.1940071649
0.0000000950            0.2744728326                    0.1918518893
0.0000000952            0.2674496153                    0.1896410645
0.0000000954            0.2606579759                    0.1873815120
0.0000000956            0.2540879406                    0.1850795847
0.0000000958            0.2477300470                    0.1827411961
0.0000000960            0.2415753154                    0.1803718469
0.0000000962            0.2356152226                    0.1779766507
0.0000000964            0.2298416761                    0.1755603574
0.0000000966            0.2242469905                    0.1731273764
0.0000000968            0.2188238651                    0.1706817969
0.0000000970            0.2135653628                    0.1682274084
0.0000000972            0.2084648899                    0.1657677191
0.0000000974            0.2035161776                    0.1633059737
0.0000000976            0.1987132640                    0.1608451694
0.0000000978            0.1940504776                    0.1583880724
0.0000000980            0.1895224212                    0.1559372314
0.0000000982            0.1851239574                    0.1534949921
0.0000000984            0.1808501942                    0.1510635100
0.0000000986            0.1766964722                    0.1486447623
0.0000000988            0.1726583516                    0.1462405596
0.0000000990            0.1687316007                    0.1438525564
0.0000000992            0.1649121848                    0.1414822613
0.0000000994            0.1611962556                    0.1391310465
0.0000000996            0.1575801415                    0.1368001567
0.0000000998            0.1540603379                    0.1344907175
0.0000001000            0.1506334987                    0.1322037430