Vgs     Vds     Ids
0.5	0	2.75E-13
0.5	0.05	8.48E-11
0.5	0.1	9.36E-11
0.5	0.15	1.02E-10
0.5	0.2	9.94E-11
0.5	0.25	9.76E-11
0.5	0.3	1.11E-10
0.5	0.35	9.24E-11
0.5	0.4	9.16E-11
0.5	0.45	8.82E-11
0.5	0.5	1.04E-10
0.5	0.55	1.02E-10
0.5	0.6	1.09E-10
0.5	0.65	9.77E-11
0.5	0.7	1.07E-10
0.5	0.75	8.72E-11
0.5	0.8	1.07E-10
0.5	0.85	2.23E-10
0.5	0.9	1.13E-10
0.5	0.95	5.95E-12
0.5	1	1.01E-10
0.5	1.05	5.62E-11
0.5	1.1	1.79E-10
0.5	1.15	3.46E-10
0.5	1.2	4.24E-10
0.5	1.25	1.09E-10
0.5	1.3	6.56E-12
0.5	1.35	2.33E-11
0.5	1.4	4.44E-11
0.5	1.45	3.51E-11
0.5	1.5	1.18E-10
0.5	1.55	1.91E-10
0.5	1.6	6.41E-10
0.5	1.65	1.37E-10
0.5	1.7	7.62E-10
0.5	1.75	1.13E-10
0.5	1.8	1.35E-10
0.5	1.85	2.44E-10
0.5	1.9	2.12E-10
0.5	1.95	1.34E-10
0.5	2	1.07E-10
0.5	2.05	9.07E-11
0.5	2.1	9.13E-11
0.5	2.15	1.20E-10
0.5	2.2	1.14E-10
0.5	2.25	8.40E-13
0.5	2.3	1.03E-10
0.5	2.35	4.60E-11
0.5	2.4	1.64E-10
0.5	2.45	3.06E-10
0.5	2.5	3.68E-10
0.5	2.55	1.58E-10
0.5	2.6	1.67E-10
0.5	2.65	6.01E-11
0.5	2.7	9.29E-11
0.5	2.75	1.37E-10
0.5	2.8	3.24E-10
0.5	2.85	3.79E-10
0.5	2.9	9.07E-11
0.5	2.95	2.38E-10
0.5	3	6.24E-11
0.5	3.05	1.66E-10
0.5	3.1	1.13E-10
0.5	3.15	1.19E-10
0.5	3.2	9.98E-11
0.5	3.25	1.06E-10
0.5	3.3	1.22E-10
0.5	3.35	9.04E-11
0.5	3.4	1.01E-10
0.5	3.45	8.68E-11
0.5	3.5	1.02E-10
0.5	3.55	1.11E-10
0.5	3.6	9.27E-11
0.5	3.65	1.10E-10
0.5	3.7	9.84E-11
0.5	3.75	9.47E-11
0.5	3.8	9.92E-11
0.5	3.85	1.18E-10
0.5	3.9	1.02E-10
0.5	3.95	9.93E-11
0.5	4	9.82E-11
0.5	4.05	1.00E-10
0.5	4.1	1.02E-10
0.5	4.15	1.05E-10
0.5	4.2	1.16E-10
0.5	4.25	1.00E-10
0.5	4.3	8.96E-11
0.5	4.35	9.73E-11
0.5	4.4	1.00E-10
0.5	4.45	9.65E-11
0.5	4.5	1.01E-10
0.5	4.55	1.05E-10
0.5	4.6	1.02E-10
0.5	4.65	1.01E-10
0.5	4.7	1.01E-10
0.5	4.75	1.01E-10
0.5	4.8	9.83E-11
0.5	4.85	1.05E-10
0.5	4.9	9.23E-11
0.5	4.95	9.84E-11
0.5	5	1.01E-10
1	0	1.10E-10
1	0.05	1.26E-07
1	0.1	1.47E-07
1	0.15	1.51E-07
1	0.2	1.51E-07
1	0.25	1.52E-07
1	0.3	1.52E-07
1	0.35	1.52E-07
1	0.4	1.53E-07
1	0.45	1.53E-07
1	0.5	1.53E-07
1	0.55	1.53E-07
1	0.6	1.53E-07
1	0.65	1.53E-07
1	0.7	1.53E-07
1	0.75	1.54E-07
1	0.8	1.54E-07
1	0.85	1.54E-07
1	0.9	1.54E-07
1	0.95	1.54E-07
1	1	1.54E-07
1	1.05	1.54E-07
1	1.1	1.54E-07
1	1.15	1.54E-07
1	1.2	1.54E-07
1	1.25	1.54E-07
1	1.3	1.54E-07
1	1.35	1.54E-07
1	1.4	1.55E-07
1	1.45	1.55E-07
1	1.5	1.55E-07
1	1.55	1.55E-07
1	1.6	1.55E-07
1	1.65	1.55E-07
1	1.7	1.55E-07
1	1.75	1.55E-07
1	1.8	1.55E-07
1	1.85	1.55E-07
1	1.9	1.55E-07
1	1.95	1.55E-07
1	2	1.55E-07
1	2.05	1.55E-07
1	2.1	1.55E-07
1	2.15	1.55E-07
1	2.2	1.55E-07
1	2.25	1.55E-07
1	2.3	1.55E-07
1	2.35	1.56E-07
1	2.4	1.55E-07
1	2.45	1.56E-07
1	2.5	1.56E-07
1	2.55	1.56E-07
1	2.6	1.56E-07
1	2.65	1.56E-07
1	2.7	1.56E-07
1	2.75	1.56E-07
1	2.8	1.56E-07
1	2.85	1.56E-07
1	2.9	1.56E-07
1	2.95	1.56E-07
1	3	1.56E-07
1	3.05	1.56E-07
1	3.1	1.56E-07
1	3.15	1.56E-07
1	3.2	1.56E-07
1	3.25	1.56E-07
1	3.3	1.57E-07
1	3.35	1.57E-07
1	3.4	1.57E-07
1	3.45	1.57E-07
1	3.5	1.57E-07
1	3.55	1.57E-07
1	3.6	1.57E-07
1	3.65	1.57E-07
1	3.7	1.57E-07
1	3.75	1.57E-07
1	3.8	1.57E-07
1	3.85	1.57E-07
1	3.9	1.57E-07
1	3.95	1.57E-07
1	4	1.57E-07
1	4.05	1.57E-07
1	4.1	1.57E-07
1	4.15	1.57E-07
1	4.2	1.57E-07
1	4.25	1.57E-07
1	4.3	1.57E-07
1	4.35	1.57E-07
1	4.4	1.57E-07
1	4.45	1.57E-07
1	4.5	1.58E-07
1	4.55	1.58E-07
1	4.6	1.58E-07
1	4.65	1.58E-07
1	4.7	1.58E-07
1	4.75	1.58E-07
1	4.8	1.58E-07
1	4.85	1.58E-07
1	4.9	1.58E-07
1	4.95	1.58E-07
1	5	1.58E-07
1.5	0	4.46E-09
1.5	0.05	1.71E-05
1.5	0.1	2.72E-05
1.5	0.15	3.22E-05
1.5	0.2	3.42E-05
1.5	0.25	3.50E-05
1.5	0.3	3.54E-05
1.5	0.35	3.56E-05
1.5	0.4	3.57E-05
1.5	0.45	3.58E-05
1.5	0.5	3.59E-05
1.5	0.55	3.59E-05
1.5	0.6	3.60E-05
1.5	0.65	3.60E-05
1.5	0.7	3.61E-05
1.5	0.75	3.61E-05
1.5	0.8	3.62E-05
1.5	0.85	3.62E-05
1.5	0.9	3.62E-05
1.5	0.95	3.62E-05
1.5	1	3.63E-05
1.5	1.05	3.63E-05
1.5	1.1	3.63E-05
1.5	1.15	3.63E-05
1.5	1.2	3.64E-05
1.5	1.25	3.64E-05
1.5	1.3	3.64E-05
1.5	1.35	3.64E-05
1.5	1.4	3.65E-05
1.5	1.45	3.65E-05
1.5	1.5	3.65E-05
1.5	1.55	3.65E-05
1.5	1.6	3.65E-05
1.5	1.65	3.66E-05
1.5	1.7	3.66E-05
1.5	1.75	3.66E-05
1.5	1.8	3.66E-05
1.5	1.85	3.66E-05
1.5	1.9	3.66E-05
1.5	1.95	3.67E-05
1.5	2	3.67E-05
1.5	2.05	3.67E-05
1.5	2.1	3.67E-05
1.5	2.15	3.67E-05
1.5	2.2	3.67E-05
1.5	2.25	3.68E-05
1.5	2.3	3.68E-05
1.5	2.35	3.68E-05
1.5	2.4	3.68E-05
1.5	2.45	3.68E-05
1.5	2.5	3.68E-05
1.5	2.55	3.68E-05
1.5	2.6	3.68E-05
1.5	2.65	3.69E-05
1.5	2.7	3.69E-05
1.5	2.75	3.69E-05
1.5	2.8	3.69E-05
1.5	2.85	3.69E-05
1.5	2.9	3.69E-05
1.5	2.95	3.69E-05
1.5	3	3.70E-05
1.5	3.05	3.70E-05
1.5	3.1	3.70E-05
1.5	3.15	3.70E-05
1.5	3.2	3.70E-05
1.5	3.25	3.70E-05
1.5	3.3	3.70E-05
1.5	3.35	3.70E-05
1.5	3.4	3.70E-05
1.5	3.45	3.71E-05
1.5	3.5	3.71E-05
1.5	3.55	3.71E-05
1.5	3.6	3.71E-05
1.5	3.65	3.71E-05
1.5	3.7	3.71E-05
1.5	3.75	3.71E-05
1.5	3.8	3.71E-05
1.5	3.85	3.71E-05
1.5	3.9	3.72E-05
1.5	3.95	3.72E-05
1.5	4	3.72E-05
1.5	4.05	3.72E-05
1.5	4.1	3.72E-05
1.5	4.15	3.72E-05
1.5	4.2	3.72E-05
1.5	4.25	3.72E-05
1.5	4.3	3.72E-05
1.5	4.35	3.73E-05
1.5	4.4	3.73E-05
1.5	4.45	3.73E-05
1.5	4.5	3.73E-05
1.5	4.55	3.73E-05
1.5	4.6	3.73E-05
1.5	4.65	3.73E-05
1.5	4.7	3.73E-05
1.5	4.75	3.74E-05
1.5	4.8	3.74E-05
1.5	4.85	3.74E-05
1.5	4.9	3.74E-05
1.5	4.95	3.74E-05
1.5	5	3.74E-05
2	0	2.77E-08
2	0.05	5.20E-05
2	0.1	9.64E-05
2	0.15	0.000133555
2	0.2	0.000163457
2	0.25	0.000186629
2	0.3	0.000203702
2	0.35	0.000215562
2	0.4	0.000223405
2	0.45	0.000228359
2	0.5	0.000231424
2	0.55	0.000233402
2	0.6	0.000234713
2	0.65	0.000235767
2	0.7	0.000236493
2	0.75	0.000237111
2	0.8	0.00023762
2	0.85	0.000238065
2	0.9	0.000238448
2	0.95	0.00023879
2	1	0.000239112
2	1.05	0.000239335
2	1.1	0.000239603
2	1.15	0.000239879
2	1.2	0.000240084
2	1.25	0.00024035
2	1.3	0.000240566
2	1.35	0.000240766
2	1.4	0.000240979
2	1.45	0.000241161
2	1.5	0.000241349
2	1.55	0.000241451
2	1.6	0.000241644
2	1.65	0.000241771
2	1.7	0.000241944
2	1.75	0.000242059
2	1.8	0.000242241
2	1.85	0.000242386
2	1.9	0.000242477
2	1.95	0.000242615
2	2	0.000242739
2	2.05	0.000242875
2	2.1	0.000242968
2	2.15	0.00024308
2	2.2	0.000243205
2	2.25	0.000243295
2	2.3	0.000243427
2	2.35	0.000243509
2	2.4	0.000243647
2	2.45	0.000243767
2	2.5	0.000243821
2	2.55	0.000243931
2	2.6	0.000244026
2	2.65	0.000244106
2	2.7	0.000244196
2	2.75	0.000244314
2	2.8	0.00024441
2	2.85	0.000244488
2	2.9	0.000244616
2	2.95	0.000244738
2	3	0.000244796
2	3.05	0.00024489
2	3.1	0.000244978
2	3.15	0.000245054
2	3.2	0.000245105
2	3.25	0.000245195
2	3.3	0.000245255
2	3.35	0.000245356
2	3.4	0.000245464
2	3.45	0.00024553
2	3.5	0.000245658
2	3.55	0.000245675
2	3.6	0.000245734
2	3.65	0.000245848
2	3.7	0.000245961
2	3.75	0.000246005
2	3.8	0.000246078
2	3.85	0.000246204
2	3.9	0.000246219
2	3.95	0.000246282
2	4	0.000246332
2	4.05	0.000246417
2	4.1	0.00024655
2	4.15	0.000246661
2	4.2	0.000246715
2	4.25	0.000246686
2	4.3	0.000246803
2	4.35	0.0002469
2	4.4	0.000246954
2	4.45	0.000246991
2	4.5	0.000247117
2	4.55	0.00024717
2	4.6	0.000247276
2	4.65	0.000247292
2	4.7	0.000247388
2	4.75	0.00024745
2	4.8	0.000247535
2	4.85	0.000247614
2	4.9	0.000247645
2	4.95	0.000247724
2	5	0.000247816
2.5	0	5.40E-08
2.5	0.05	8.24E-05
2.5	0.1	0.000158286
2.5	0.15	0.000227594
2.5	0.2	0.000290305
2.5	0.25	0.000346524
2.5	0.3	0.000396345
2.5	0.35	0.000439859
2.5	0.4	0.000477221
2.5	0.45	0.000508556
2.5	0.5	0.000534204
2.5	0.55	0.000554879
2.5	0.6	0.000570969
2.5	0.65	0.000583138
2.5	0.7	0.000592184
2.5	0.75	0.000598871
2.5	0.8	0.000603838
2.5	0.85	0.000607467
2.5	0.9	0.000610468
2.5	0.95	0.000612736
2.5	1	0.000614626
2.5	1.05	0.000616205
2.5	1.1	0.000617549
2.5	1.15	0.000618746
2.5	1.2	0.000619722
2.5	1.25	0.000620685
2.5	1.3	0.000621548
2.5	1.35	0.000622267
2.5	1.4	0.000623047
2.5	1.45	0.000623732
2.5	1.5	0.000624351
2.5	1.55	0.000624959
2.5	1.6	0.000625428
2.5	1.65	0.000625989
2.5	1.7	0.000626469
2.5	1.75	0.000626786
2.5	1.8	0.000627502
2.5	1.85	0.000627862
2.5	1.9	0.000628279
2.5	1.95	0.000628642
2.5	2	0.00062912
2.5	2.05	0.000629459
2.5	2.1	0.00062983
2.5	2.15	0.000630174
2.5	2.2	0.00063061
2.5	2.25	0.000630885
2.5	2.3	0.000631255
2.5	2.35	0.000631571
2.5	2.4	0.00063192
2.5	2.45	0.000632165
2.5	2.5	0.000632565
2.5	2.55	0.000632783
2.5	2.6	0.000633055
2.5	2.65	0.0006333
2.5	2.7	0.000633612
2.5	2.75	0.000633871
2.5	2.8	0.000634176
2.5	2.85	0.000634421
2.5	2.9	0.000634738
2.5	2.95	0.000635049
2.5	3	0.000635151
2.5	3.05	0.000635425
2.5	3.1	0.000635687
2.5	3.15	0.000635957
2.5	3.2	0.000636246
2.5	3.25	0.000636493
2.5	3.3	0.000636609
2.5	3.35	0.000636906
2.5	3.4	0.000637126
2.5	3.45	0.000637337
2.5	3.5	0.000637557
2.5	3.55	0.000637739
2.5	3.6	0.000637811
2.5	3.65	0.00063823
2.5	3.7	0.000638481
2.5	3.75	0.000638552
2.5	3.8	0.000638885
2.5	3.85	0.000639039
2.5	3.9	0.000639282
2.5	3.95	0.000639413
2.5	4	0.000639578
2.5	4.05	0.000639832
2.5	4.1	0.000640063
2.5	4.15	0.000640231
2.5	4.2	0.000640447
2.5	4.25	0.000640589
2.5	4.3	0.000640725
2.5	4.35	0.00064106
2.5	4.4	0.000641221
2.5	4.45	0.000641338
2.5	4.5	0.00064158
2.5	4.55	0.000641782
2.5	4.6	0.000641983
2.5	4.65	0.000642116
2.5	4.7	0.000642292
2.5	4.75	0.000642388
2.5	4.8	0.000642671
2.5	4.85	0.000642689
2.5	4.9	0.000642939
2.5	4.95	0.000643154
2.5	5	0.000643152
3	0	6.90E-08
3	0.05	0.00010833
3	0.1	0.000210899
3	0.15	0.000307678
3	0.2	0.000398662
3	0.25	0.000483776
3	0.3	0.000563223
3	0.35	0.000636944
3	0.4	0.00070484
3	0.45	0.000766744
3	0.5	0.000823017
3	0.55	0.000873697
3	0.6	0.0009189
3	0.65	0.000958656
3	0.7	0.000993213
3	0.75	0.001022766
3	0.8	0.001047664
3	0.85	0.001068895
3	0.9	0.001085813
3	0.95	0.001099513
3	1	0.001110504
3	1.05	0.001119188
3	1.1	0.001126216
3	1.15	0.001131855
3	1.2	0.001136572
3	1.25	0.001140464
3	1.3	0.001143611
3	1.35	0.001146413
3	1.4	0.001149017
3	1.45	0.001151111
3	1.5	0.001153126
3	1.55	0.001154764
3	1.6	0.001156413
3	1.65	0.001157917
3	1.7	0.001159152
3	1.75	0.001160337
3	1.8	0.001161545
3	1.85	0.001162797
3	1.9	0.001163779
3	1.95	0.001164701
3	2	0.001165631
3	2.05	0.001166607
3	2.1	0.001167417
3	2.15	0.001168236
3	2.2	0.001169081
3	2.25	0.001169905
3	2.3	0.001170496
3	2.35	0.001171221
3	2.4	0.001171997
3	2.45	0.001172681
3	2.5	0.001173368
3	2.55	0.001174145
3	2.6	0.001174672
3	2.65	0.001175093
3	2.7	0.001175748
3	2.75	0.001176413
3	2.8	0.001176959
3	2.85	0.0011776
3	2.9	0.001178014
3	2.95	0.001178596
3	3	0.001179108
3	3.05	0.001179519
3	3.1	0.001180025
3	3.15	0.001180669
3	3.2	0.001180942
3	3.25	0.00118141
3	3.3	0.001181975
3	3.35	0.00118247
3	3.4	0.001182874
3	3.45	0.001183211
3	3.5	0.001183704
3	3.55	0.001184163
3	3.6	0.001184476
3	3.65	0.001185011
3	3.7	0.001185309
3	3.75	0.001185692
3	3.8	0.001186155
3	3.85	0.001186593
3	3.9	0.001186971
3	3.95	0.001187404
3	4	0.001187674
3	4.05	0.001187986
3	4.1	0.001188365
3	4.15	0.00118878
3	4.2	0.001189184
3	4.25	0.001189663
3	4.3	0.00118997
3	4.35	0.001190259
3	4.4	0.0011907
3	4.45	0.001190936
3	4.5	0.001191431
3	4.55	0.001191679
3	4.6	0.001192024
3	4.65	0.001192395
3	4.7	0.001192704
3	4.75	0.001192974
3	4.8	0.001193232
3	4.85	0.001193715
3	4.9	0.001194054
3	4.95	0.001194246
3	5	0.001194746
3.5	0	7.24E-08
3.5	0.05	0.000130803
3.5	0.1	0.000256491
3.5	0.15	0.000376996
3.5	0.2	0.000492319
3.5	0.25	0.00060237
3.5	0.3	0.000707307
3.5	0.35	0.000807272
3.5	0.4	0.000901906
3.5	0.45	0.000990963
3.5	0.5	0.00107537
3.5	0.55	0.001154117
3.5	0.6	0.00122775
3.5	0.65	0.001296133
3.5	0.7	0.001359091
3.5	0.75	0.001417029
3.5	0.8	0.001469783
3.5	0.85	0.00151772
3.5	0.9	0.00156072
3.5	0.95	0.001599038
3.5	1	0.001632618
3.5	1.05	0.001661895
3.5	1.1	0.001687476
3.5	1.15	0.001709137
3.5	1.2	0.001727506
3.5	1.25	0.001742991
3.5	1.3	0.001755896
3.5	1.35	0.001766647
3.5	1.4	0.00177585
3.5	1.45	0.001783435
3.5	1.5	0.001789995
3.5	1.55	0.001795442
3.5	1.6	0.001800125
3.5	1.65	0.001804443
3.5	1.7	0.001808266
3.5	1.75	0.001811532
3.5	1.8	0.001814248
3.5	1.85	0.001817236
3.5	1.9	0.001819772
3.5	1.95	0.001822075
3.5	2	0.001824182
3.5	2.05	0.001826002
3.5	2.1	0.001828001
3.5	2.15	0.001829864
3.5	2.2	0.001831507
3.5	2.25	0.001832894
3.5	2.3	0.00183443
3.5	2.35	0.001835847
3.5	2.4	0.001837204
3.5	2.45	0.00183841
3.5	2.5	0.001839705
3.5	2.55	0.001840616
3.5	2.6	0.00184216
3.5	2.65	0.001843302
3.5	2.7	0.001844187
3.5	2.75	0.001845291
3.5	2.8	0.001846468
3.5	2.85	0.001847217
3.5	2.9	0.00184818
3.5	2.95	0.001849101
3.5	3	0.001849856
3.5	3.05	0.001850873
3.5	3.1	0.001851758
3.5	3.15	0.001852598
3.5	3.2	0.001853218
3.5	3.25	0.001854178
3.5	3.3	0.001854934
3.5	3.35	0.001855761
3.5	3.4	0.001856433
3.5	3.45	0.001857159
3.5	3.5	0.001857899
3.5	3.55	0.001858984
3.5	3.6	0.001859384
3.5	3.65	0.001860299
3.5	3.7	0.001860704
3.5	3.75	0.001861491
3.5	3.8	0.001862095
3.5	3.85	0.001862714
3.5	3.9	0.001863225
3.5	3.95	0.001863912
3.5	4	0.001864578
3.5	4.05	0.001865053
3.5	4.1	0.001865954
3.5	4.15	0.00186633
3.5	4.2	0.001867052
3.5	4.25	0.001867613
3.5	4.3	0.001868134
3.5	4.35	0.001868689
3.5	4.4	0.00186913
3.5	4.45	0.001869742
3.5	4.5	0.001870211
3.5	4.55	0.001870584
3.5	4.6	0.001871302
3.5	4.65	0.001871668
3.5	4.7	0.001872286
3.5	4.75	0.001872788
3.5	4.8	0.00187341
3.5	4.85	0.00187393
3.5	4.9	0.00187455
3.5	4.95	0.001875208
3.5	5	0.001875426
4	0	8.64E-08
4	0.05	0.000150659
4	0.1	0.000296702
4	0.15	0.000438056
4	0.2	0.000574759
4	0.25	0.000706636
4	0.3	0.00083402
4	0.35	0.000956766
4	0.4	0.001075232
4	0.45	0.001188052
4	0.5	0.001296208
4	0.55	0.00139959
4	0.6	0.001498386
4	0.65	0.00159258
4	0.7	0.001681458
4	0.75	0.001765453
4	0.8	0.001844767
4	0.85	0.001919395
4	0.9	0.001989157
4	0.95	0.002054184
4	1	0.002114152
4	1.05	0.002169754
4	1.1	0.002220496
4	1.15	0.002267037
4	1.2	0.002309044
4	1.25	0.002346674
4	1.3	0.002380256
4	1.35	0.002410171
4	1.4	0.002436509
4	1.45	0.002459585
4	1.5	0.002479434
4	1.55	0.00249657
4	1.6	0.002511397
4	1.65	0.002524141
4	1.7	0.002535263
4	1.75	0.00254488
4	1.8	0.002553368
4	1.85	0.002560255
4	1.9	0.002566945
4	1.95	0.002572765
4	2	0.002577739
4	2.05	0.002582296
4	2.1	0.002586473
4	2.15	0.002590019
4	2.2	0.002593786
4	2.25	0.002596958
4	2.3	0.002599855
4	2.35	0.002602597
4	2.4	0.002605051
4	2.45	0.002607241
4	2.5	0.002610014
4	2.55	0.002612259
4	2.6	0.002614109
4	2.65	0.002616143
4	2.7	0.002617953
4	2.75	0.002619312
4	2.8	0.002621479
4	2.85	0.00262327
4	2.9	0.002624738
4	2.95	0.002626307
4	3	0.002627829
4	3.05	0.002628877
4	3.1	0.002630564
4	3.15	0.002631951
4	3.2	0.002633366
4	3.25	0.00263465
4	3.3	0.002635818
4	3.35	0.002636911
4	3.4	0.002637908
4	3.45	0.002639351
4	3.5	0.002640424
4	3.55	0.002641437
4	3.6	0.002642637
4	3.65	0.00264363
4	3.7	0.002644562
4	3.75	0.002645444
4	3.8	0.002646026
4	3.85	0.002647465
4	3.9	0.002648555
4	3.95	0.002649539
4	4	0.002650276
4	4.05	0.002651127
4	4.1	0.002651767
4	4.15	0.002652892
4	4.2	0.002653952
4	4.25	0.002654761
4	4.3	0.002655613
4	4.35	0.002656277
4	4.4	0.002656744
4	4.45	0.002657739
4	4.5	0.002658513
4	4.55	0.00265929
4	4.6	0.002660266
4	4.65	0.002660915
4	4.7	0.00266177
4	4.75	0.002662657
4	4.8	0.002663142
4	4.85	0.002663943
4	4.9	0.002664533
4	4.95	0.002665386
4	5	0.002665886
4.5	0	8.83E-08
4.5	0.05	0.000168451
4.5	0.1	0.000332673
4.5	0.15	0.000492651
4.5	0.2	0.000648323
4.5	0.25	0.00079955
4.5	0.3	0.000946756
4.5	0.35	0.001090203
4.5	0.4	0.001228955
4.5	0.45	0.001362737
4.5	0.5	0.001492255
4.5	0.55	0.001617461
4.5	0.6	0.001738573
4.5	0.65	0.00185527
4.5	0.7	0.001967127
4.5	0.75	0.00207458
4.5	0.8	0.002177437
4.5	0.85	0.002276186
4.5	0.9	0.002370389
4.5	0.95	0.002460051
4.5	1	0.002544736
4.5	1.05	0.002625131
4.5	1.1	0.002701252
4.5	1.15	0.002772872
4.5	1.2	0.002839893
4.5	1.25	0.002902668
4.5	1.3	0.002960829
4.5	1.35	0.00301453
4.5	1.4	0.003064259
4.5	1.45	0.003109843
4.5	1.5	0.003151647
4.5	1.55	0.003189572
4.5	1.6	0.003223261
4.5	1.65	0.003253955
4.5	1.7	0.003281262
4.5	1.75	0.003305515
4.5	1.8	0.003327063
4.5	1.85	0.003346055
4.5	1.9	0.003362393
4.5	1.95	0.003376936
4.5	2	0.003390024
4.5	2.05	0.003401394
4.5	2.1	0.003411316
4.5	2.15	0.003420639
4.5	2.2	0.003428427
4.5	2.25	0.003435454
4.5	2.3	0.003441804
4.5	2.35	0.003447783
4.5	2.4	0.003452733
4.5	2.45	0.0034578
4.5	2.5	0.003462524
4.5	2.55	0.003466588
4.5	2.6	0.003470401
4.5	2.65	0.003473614
4.5	2.7	0.003477396
4.5	2.75	0.003479852
4.5	2.8	0.003483514
4.5	2.85	0.003485997
4.5	2.9	0.003489044
4.5	2.95	0.003491722
4.5	3	0.003493956
4.5	3.05	0.003496004
4.5	3.1	0.003498472
4.5	3.15	0.00350063
4.5	3.2	0.003502929
4.5	3.25	0.003504977
4.5	3.3	0.003506711
4.5	3.35	0.003508619
4.5	3.4	0.003510284
4.5	3.45	0.003512036
4.5	3.5	0.003513756
4.5	3.55	0.003515434
4.5	3.6	0.003516653
4.5	3.65	0.003518436
4.5	3.7	0.00352009
4.5	3.75	0.003521392
4.5	3.8	0.003522708
4.5	3.85	0.00352429
4.5	3.9	0.003525754
4.5	3.95	0.003527049
4.5	4	0.0035279
4.5	4.05	0.003529314
4.5	4.1	0.003530765
4.5	4.15	0.003531955
4.5	4.2	0.003533079
4.5	4.25	0.003534239
4.5	4.3	0.003535337
4.5	4.35	0.003536428
4.5	4.4	0.003537523
4.5	4.45	0.003538835
4.5	4.5	0.003539914
4.5	4.55	0.003540894
4.5	4.6	0.003542079
4.5	4.65	0.003543029
4.5	4.7	0.003544289
4.5	4.75	0.003544939
4.5	4.8	0.003545906
4.5	4.85	0.003546495
4.5	4.9	0.003547538
4.5	4.95	0.003548437
4.5	5	0.003549644
5	0	9.50E-08
5	0.05	0.000184554
5	0.1	0.00036525
5	0.15	0.000541966
5	0.2	0.000714731
5	0.25	0.000883428
5	0.3	0.001048411
5	0.35	0.001210063
5	0.4	0.001367244
5	0.45	0.001519746
5	0.5	0.001668457
5	0.55	0.001813177
5	0.6	0.001954167
5	0.65	0.00209105
5	0.7	0.002223477
5	0.75	0.002351639
5	0.8	0.002475736
5	0.85	0.002595862
5	0.9	0.002711878
5	0.95	0.002823505
5	1	0.00293092
5	1.05	0.003033767
5	1.1	0.003132899
5	1.15	0.003227862
5	1.2	0.003318316
5	1.25	0.003404473
5	1.3	0.00348626
5	1.35	0.003563736
5	1.4	0.003637401
5	1.45	0.003706472
5	1.5	0.003771815
5	1.55	0.003832702
5	1.6	0.003889421
5	1.65	0.003941796
5	1.7	0.003991036
5	1.75	0.004036451
5	1.8	0.004077799
5	1.85	0.004115754
5	1.9	0.004150444
5	1.95	0.004181805
5	2	0.00420991
5	2.05	0.004235448
5	2.1	0.004258142
5	2.15	0.004278295
5	2.2	0.004296891
5	2.25	0.004312962
5	2.3	0.004327773
5	2.35	0.004340545
5	2.4	0.004352577
5	2.45	0.004363013
5	2.5	0.004372464
5	2.55	0.004380944
5	2.6	0.004388823
5	2.65	0.0043953
5	2.7	0.004401806
5	2.75	0.004407675
5	2.8	0.004413825
5	2.85	0.004417955
5	2.9	0.004423581
5	2.95	0.004427874
5	3	0.004432526
5	3.05	0.004435821
5	3.1	0.004439668
5	3.15	0.004443553
5	3.2	0.004446329
5	3.25	0.004448967
5	3.3	0.004452234
5	3.35	0.004455206
5	3.4	0.004458749
5	3.45	0.004460849
5	3.5	0.004462871
5	3.55	0.004465827
5	3.6	0.004467817
5	3.65	0.004470377
5	3.7	0.00447256
5	3.75	0.00447467
5	3.8	0.004477122
5	3.85	0.004478977
5	3.9	0.00448083
5	3.95	0.004482634
5	4	0.004484221
5	4.05	0.004486245
5	4.1	0.004487978
5	4.15	0.00448924
5	4.2	0.004491265
5	4.25	0.004492478
5	4.3	0.004494218
5	4.35	0.004495889
5	4.4	0.004497236
5	4.45	0.004498696
5	4.5	0.004499399
5	4.55	0.004501332
5	4.6	0.00450258
5	4.65	0.004504371
5	4.7	0.004505627
5	4.75	0.004507013
5	4.8	0.004508109
5	4.85	0.004509327
5	4.9	0.00451043
5	4.95	0.004512028
5	5	0.004513173
